function F = PropaneDehydro_PtSn_100_WLI_792(t,y)

PCH3CH2CH3 = 0.29 ;
PH2 = 0.09 ;
PCH3CHCH2 = 0 ;
PCH3CCH = 0 ;
PCH3CH3 = 0 ;
PCH2CH2 = 0 ;
PCHCH = 0 ;
PCH4 = 0 ;
T = 792.0;


% Initializing the forward rate variable
f = zeros(138,1);

% Adsorption energy (dG) for all 46 intermediates and 130 TST

CH3CH2CH3_energyy	=	2.6459 ;
CH3CHCH3_energyy	=	3.3230 ;
CH3CH2CH2_energyy	=	3.2242 ;
CH3CHCH2_energyy	=	3.3979 ;
CH3CH2CH_energyy	=	4.1839 ;
CH2CH2CH2_energyy	=	4.0149 ;
CH3CCH3_energyy		=	3.8911 ;
CH3CH2C_energyy		=	4.7901 ;
CH2CH2CH_energyy	=	4.7750 ;
CH2CHCH2_energyy	=	3.9891 ;
CH3CHCH_energyy		=	3.9235 ;
CH3CCH2_energyy		=	3.8842 ;
CH3CHC_energyy		=	4.7367 ;
CH2CH2C_energyy		=	5.5880 ;
CHCH2CH_energyy		=	5.3348 ;
CH2CHCH_energyy		=	4.5049 ;
CH2CCH2_energyy		=	4.7692 ;
CH3CCH_energyy		=	4.4163 ;
CH3CC_energyy		=	4.6685 ;
CH2CHC_energyy		=	5.6049 ;
CHCHCH_energyy		=	4.7918 ;
CHCH2C_energyy		=	6.5780 ;
CH2CCH_energyy		=	4.8409 ;
CH2CC_energyy		=	5.5176 ;
CHCHC_energyy		=	6.0082 ;
CCH2C_energyy		=	7.3713 ;
CHCCH_energyy		=	5.5169 ;
CCHC_energyy		=	6.9940 ;
CHCC_energyy		=	6.2271 ;
CCC_energyy			=	7.2278 ;
CH3CH3_energyy		=	1.4447 ;
CH3CH2_energyy		=	2.1407 ;
CH3CH_energyy		=	3.1495 ;
CH3C_energyy		=	3.7290 ;
CH2CH2_energyy		=	2.3564 ;
CH2CH_energyy		=	2.8916 ;
CH2C_energyy		=	3.9329 ;
CHCH_energyy		=	3.5453 ;
CHC_energyy			=	3.8692 ;
CC_energyy			=	4.8926 ;
CH4_energyy			=	0.0747 ;
CH3_energyy			=	0.9176 ;
CH2_energyy			=	2.0700 ;
CH_energyy			=	2.7256 ;
C_energyy			=	3.3245 ;
H_energyy			=	-0.2477 ;

ddEA9	=	3.9772 ;
ddEA10	=	3.9882 ;
ddEA11	=	4.7176 ;
ddEA12	=	4.6363 ;
ddEA13	=	4.8293 ;
ddEA14	=	5.6804 ;
ddEA15	=	4.8852 ;
ddEA16	=	5.6120 ;
ddEA17	=	5.9038 ;
ddEA18	=	4.6139 ;
ddEA19	=	4.5918 ;
ddEA20	=	6.8630 ;
ddEA21	=	6.3507 ;
ddEA22	=	5.8801 ;
ddEA23	=	4.7771 ;
ddEA24	=	5.4685 ;
ddEA25	=	5.5874 ;
ddEA26	=	5.1594 ;
ddEA27	=	5.5812 ;
ddEA28	=	6.3935 ;
ddEA29	=	5.9120 ;
ddEA30	=	5.1159 ;
ddEA31	=	4.5127 ;
ddEA32	=	4.1914 ;
ddEA33	=	6.3566 ;
ddEA34	=	5.3338 ;
ddEA35	=	6.9449 ;
ddEA36	=	6.5660 ;
ddEA37	=	6.5069 ;
ddEA38	=	5.6553 ;
ddEA39	=	7.1749 ;
ddEA40	=	6.4121 ;
ddEA41	=	6.1811 ;
ddEA42	=	6.0905 ;
ddEA43	=	5.7353 ;
ddEA44	=	6.1621 ;
ddEA45	=	5.1064 ;
ddEA46	=	6.1379 ;
ddEA47	=	6.8120 ;	
ddEA48	=	7.4115 ;	
ddEA49	=	5.4108 ;	
ddEA50	=	6.0757 ;
ddEA51	=	5.7974 ;	
ddEA52	=	6.6723 ;	
ddEA53	=	6.8880 ;	
ddEA54	=	5.4349 ;	
ddEA55	=	6.0324 ;	
ddEA56	=	7.1353 ;	
ddEA57	=	8.0324 ;	
ddEA58	=	6.2423 ;	
ddEA59	=	6.1865 ;	
ddEA60	=	6.7815 ;	
ddEA61	=	7.1694 ;	
ddEA62	=	7.0484 ;	
ddEA63	=	7.1757 ;	
ddEA64	=	7.4770 ;	
ddEA65	=	7.3061 ;	
ddEA66	=	6.5677 ;	
ddEA67	=	6.7515 ;	
ddEA68	=	6.8114 ;	
ddEA69	=	5.9908 ;	
ddEA70	=	6.9681 ;
ddEA71	=	5.5593 ;	
ddEA72	=	7.1021 ;	
ddEA73	=	5.7217 ;	
ddEA74	=	7.5066 ;	
ddEA75	=	6.4659 ;	
ddEA76	=	5.9048 ;
ddEA77	=	5.9747 ;
ddEA78	=	7.2513 ;	
ddEA79	=	8.2249 ;	
ddEA80	=	6.1992 ;
ddEA81	=	7.5071 ;	
ddEA82	=	7.0936 ;	
ddEA83	=	7.1597 ;	
ddEA84	=	6.7606 ;	
ddEA85	=	8.0578 ;	
ddEA86	=	7.5292 ;	
ddEA87	=	7.8906 ;	
ddEA88	=	8.2521 ;	
ddEA89	=	7.3160 ;	
ddEA90	=	6.7153 ;	
ddEA91	=	7.2585 ;	
ddEA92	=	7.2980 ;	
ddEA93	=	7.9280 ;	
ddEA94	=	6.2394 ;	
ddEA95	=	6.0144 ;	
ddEA96	=	8.0423 ;	
ddEA97	=	9.0031 ;	
ddEA98	=	7.0535 ;	
ddEA99	=	8.6019 ;	
ddEA100	=	8.4709 ;	
ddEA101	=	7.9230 ;	
ddEA102	=	7.9632 ;	
ddEA103	=	9.2791 ;	
ddEA104	=	8.8546 ;	
ddEA105	=	8.6453 ;	
ddEA106	=	6.9084 ;	
ddEA107	=	8.8110 ;	
ddEA108	=	9.1639 ;	
ddEA109	=	9.2121 ;	
ddEA110	=	8.6216 ;	
ddEA111	=	8.2291 ;	
ddEA112	=	10.3712 ;	
ddEA113	=	1.7024 ;	
ddEA114	=	2.4368 ;	
ddEA115	=	3.4330 ;	
ddEA116	=	3.8433 ;	
ddEA117	=	4.4597 ;	
ddEA118	=	2.8748 ;	
ddEA119	=	4.7502 ;	
ddEA120	=	3.5094 ;	
ddEA121	=	3.7792 ;	
ddEA122	=	5.4856 ;	
ddEA123	=	4.7682 ;	
ddEA124	=	4.5106 ;	
ddEA125	=	5.3634 ;	
ddEA126	=	4.6871 ;	
ddEA127	=	5.4143 ;	
ddEA128	=	3.5823 ;	
ddEA129	=	6.0073 ;	
ddEA130	=	4.2890 ;	
ddEA131	=	4.3950 ;
ddEA132	=	6.4878 ;	
ddEA133	=	5.0653 ;
ddEA134	=	7.2965 ;	
ddEA135	=	5.1389 ;
ddEA136	=	7.5007 ;	
ddEA137	=	5.5255 ;	
ddEA138	=	8.3086 ;	

% Gas phase energy
CH3CH2CH3_gp 	= 1.7536 ;
CH3CHCH2_gp 	= 2.5892 ;
CH3CCH_gp 		= 4.0418 ;
CH3CH3_gp 		= 0.7522 ;
CH2CH2_gp 		= 1.7580 ;
CHCH_gp 		= 3.8069 ;
CH4_gp 			= -0.3694 ;
H2_gp 			= -0.7988 ;

% Collision theory derived forward rate 
f(1) = 1.127655298E+08 ;
f(2) = 1.154403922E+08 ;
f(3) = 5.295179191E+08 ;
f(4) = 1.183093444E+08 ;
f(5) = 1.365617097E+08 ;
f(6) = 1.413934289E+08 ;
f(7) = 1.467490064E+08 ;
f(8) = 1.869792775E+08 ;

% P is ads and TST energy uncertainity and it's equal zero since no uncertainity is added
pp = zeros(176); 

% Lateral interaction energy (dG) for H, CHCH and C with all 46 intermediates



% Calculating total energy (dG) with lateral interaction for all 16 intermediates
CH3CH2CH3 	= pp(0+1) 	+ CH3CH2CH3_energyy ; %+ CH3CH2CH3_H_sloppe*y(2)+CH3CH2CH3_CHCH_sloppe*y(40)*4 + CH3CH2CH3_C_sloppe*y(47)*4;
CH3CHCH3 	= pp(1+1)	+ CH3CHCH3_energyy 	; %+ CH3CHCH3_H_sloppe*y(2)+CH3CHCH3_CHCH_sloppe*y(40)*4 + CH3CHCH3_C_sloppe*y(47)*4;
CH3CH2CH2 	= pp(2+1)	+ CH3CH2CH2_energyy ; %+ CH3CH2CH2_H_sloppe*y(2)+CH3CH2CH2_CHCH_sloppe*y(40)*4 + CH3CH2CH2_C_sloppe*y(47)*4;
CH3CHCH2 	= pp(3+1)	+ CH3CHCH2_energyy	; %+ CH3CHCH2_H_sloppe*y(2)+CH3CHCH2_CHCH_sloppe*y(40)*4 + CH3CHCH2_C_sloppe*y(47)*4;
CH3CH2CH 	= pp(4+1)	+ CH3CH2CH_energyy 	; %+ CH3CH2CH_H_sloppe*y(2)+CH3CH2CH_CHCH_sloppe*y(40)*4 + CH3CH2CH_C_sloppe*y(47)*4;
CH2CH2CH2	= pp(5+1)	+ CH2CH2CH2_energyy ; %+ CH2CH2CH2_H_sloppe*y(2)+CH2CH2CH2_CHCH_sloppe*y(40)*4 + CH2CH2CH2_C_sloppe*y(47)*4;
CH3CCH3		= pp(6+1)	+ CH3CCH3_energyy 	; %+ CH3CCH3_H_sloppe*y(2)+CH3CCH3_CHCH_sloppe*y(40)*4+ CH3CCH3_C_sloppe*y(47)*4;

CH3CH2C		= pp(7+1)	+ CH3CH2C_energyy	; %+ CH3CH2C_H_sloppe*y(2)+CH3CH2C_CHCH_sloppe*y(40)*4 + CH3CH2C_C_sloppe*y(47)*4;
CH2CH2CH	= pp(8+1)	+ CH2CH2CH_energyy 	; %+ CH2CH2CH_H_sloppe*y(2)+CH2CH2CH_CHCH_sloppe*y(40)*4 + CH2CH2CH_C_sloppe*y(47)*4;
CH2CHCH2	= pp(9+1)	+ CH2CHCH2_energyy 	; %+ CH2CHCH2_H_sloppe*y(2)+CH2CHCH2_CHCH_sloppe*y(40)*4 + CH2CHCH2_C_sloppe*y(47)*4;
CH3CHCH 	= pp(10+1)	+ CH3CHCH_energyy 	; %+ CH3CHCH_H_sloppe*y(2)+CH3CHCH_CHCH_sloppe*y(40)*4 + CH3CHCH_C_sloppe*y(47)*4;
CH3CCH2 	= pp(11+1)	+ CH3CCH2_energyy 	; %+CH3CCH2_H_sloppe*y(2)+CH3CCH2_CHCH_sloppe*y(40)*4 + CH3CCH2_C_sloppe*y(47)*4;
CH3CHC  	= pp(12+1)	+ CH3CHC_energyy 	; %+ CH3CHC_H_sloppe*y(2)+CH3CHC_CHCH_sloppe*y(40)*4 + CH3CHC_C_sloppe*y(47)*4;
CH2CH2C 	= pp(13+1)	+ CH2CH2C_energyy 	; %+CH2CH2C_H_sloppe*y(2)+CH2CH2C_CHCH_sloppe*y(40)*4 + CH2CH2C_C_sloppe*y(47)*4;
CHCH2CH 	= pp(14+1)	+ CHCH2CH_energyy 	; %+CHCH2CH_H_sloppe*y(2)+CHCH2CH_CHCH_sloppe*y(40)*4 + CHCH2CH_C_sloppe*y(47)*4;
CH2CHCH 	= pp(15+1)	+ CH2CHCH_energyy 	; %+  CH2CHCH_H_sloppe*y(2)+CH2CHCH_CHCH_sloppe*y(40)*4 + CH2CHCH_C_sloppe*y(47)*4;
CH2CCH2 	= pp(16+1)	+ CH2CCH2_energyy 	; %+ CH2CCH2_H_sloppe*y(2)+CH2CCH2_CHCH_sloppe*y(40)*4 + CH2CCH2_C_sloppe*y(47)*4;
CH3CCH  	= pp(17+1)	+ CH3CCH_energyy 	; %+ CH3CCH_H_sloppe*y(2)+CH3CCH_CHCH_sloppe*y(40)*4 + CH3CCH_C_sloppe*y(47)*4;

CH3CC  		= pp(18+1)  + CH3CC_energyy 	; %+ CH3CC_H_sloppe*y(2)+CH3CC_CHCH_sloppe*y(40)*4 + CH3CC_C_sloppe*y(47)*4;
CH2CHC 		= pp(19+1)  + CH2CHC_energyy 	; %+ CH2CHC_H_sloppe*y(2)+CH2CHC_CHCH_sloppe*y(40)*4 + CH2CHC_C_sloppe*y(47)*4;
CHCHCH 		= pp(20+1)  + CHCHCH_energyy 	; %+ CHCHCH_H_sloppe*y(2)+CHCHCH_CHCH_sloppe*y(40)*4 + CHCHCH_C_sloppe*y(47)*4;
CHCH2C 		= pp(21+1)  + CHCH2C_energyy 	; %+ CHCH2C_H_sloppe*y(2)+CHCH2C_CHCH_sloppe*y(40)*4 + CHCH2C_C_sloppe*y(47)*4;
CH2CCH 		= pp(22+1)  + CH2CCH_energyy 	; %+ CH2CCH_H_sloppe*y(2)+CH2CCH_CHCH_sloppe*y(40)*4 + CH2CCH_C_sloppe*y(47)*4;
CH2CC  		= pp(23+1)  + CH2CC_energyy 	; %+ CH2CC_H_sloppe*y(2)+CH2CC_CHCH_sloppe*y(40)*4 + CH2CC_C_sloppe*y(47)*4;
CHCHC  		= pp(24+1)  + CHCHC_energyy 	; %+ CHCHC_H_sloppe*y(2)+CHCHC_CHCH_sloppe*y(40)*4 + CHCHC_C_sloppe*y(47)*4;
